0 0.502500 0.349251 0.067500 0.106742
0 0.631875 0.388577 0.073750 0.110487
0 0.500000 0.558989 0.077500 0.110487
0 0.393750 0.495318 0.080000 0.114232
0 0.741250 0.175094 0.060000 0.088015
0 0.701875 0.516854 0.066250 0.104869
0 0.599375 0.891386 0.086250 0.142322
0 0.412500 0.867041 0.095000 0.142322
0 0.200000 0.553371 0.080000 0.114232
0 0.064375 0.334270 0.071250 0.076779
0 0.253125 0.246255 0.066250 0.110487
0 0.690000 0.774345 0.082500 0.117978
0 0.785625 0.842697 0.083750 0.123596
0 0.801875 0.707865 0.088750 0.119850
0 0.810000 0.338015 0.060000 0.084270
0 0.517500 0.178839 0.070000 0.095506
