1 0.372500 0.529963 0.117500 0.179775
1 0.558750 0.498127 0.110000 0.164794
1 0.744375 0.471910 0.116250 0.168539
1 0.686875 0.588015 0.121250 0.172285
1 0.496250 0.612360 0.122500 0.172285
1 0.499375 0.297753 0.118750 0.168539
1 0.680000 0.272472 0.115000 0.166667
1 0.866250 0.242509 0.115000 0.174157
1 0.181875 0.554307 0.116250 0.179775
1 0.430625 0.729401 0.116250 0.181648
1 0.553750 0.815543 0.120000 0.177903
1 0.742500 0.787453 0.122500 0.177903
1 0.866250 0.875468 0.115000 0.174157
1 0.313750 0.325843 0.122500 0.176030
1 0.190625 0.239700 0.116250 0.172285
1 0.375000 0.217228 0.122500 0.176030
1 0.238750 0.754682 0.110000 0.176030
1 0.117500 0.665730 0.122500 0.166667
1 0.173750 0.869850 0.117500 0.185393
